"","timestamp","gc.type","pause.time","young.occ.start","young.size.start","young.occ.end","young.size.end","survivor.start","survivor.end","heap.occ.start","heap.size.start","heap.occ.end","heap.size.end","old.occ.start","old.occ.end","old.size.start","old.size.end","promoRate","time.user","time.sys","time.real","allocationRate"
"1",584.231,"g1-young",0.315128,24000,24000,0,23000,0,560,24000,28000,558,28000,0,-2,4000,4440,440,4.2,0.02,0.31,NA
"2",610.781,"g1-young",0.105418,23000,23000,0,23000,560,648,24000,28000,644,28000,440,-4,4440,4352,-88,2.29,0.01,0.11,866.29
"3",631.295,"g1-young",0.117854,23000,23000,0,23000,648,728,24000,28000,728,28000,352,0,4352,4272,-80,2.67,0.02,0.12,1121.186
"4",648.532,"g1-young",0.118035,23000,23000,0,23000,728,800,24000,28000,796,28000,272,-4,4272,4200,-72,2.69,0,0.12,1334.339
"5",663.62,"g1-young",0.145108,23000,23000,0,23000,800,832,24000,28000,828,28000,200,-4,4200,4168,-32,3.18,0.02,0.14,1524.39
"6",677.403,"g1-young",0.138311,23000,23000,0,23000,832,880,24000,28000,880,28000,168,0,4168,4120,-48,3.25,0.01,0.13,1668.722
"7",690.418,"g1-young",0.168981,23000,23000,0,23000,880,952,24000,28000,952,28000,120,0,4120,4048,-72,3.91,0,0.17,1767.192
"8",702.938,"g1-young",0.157505,23000,23000,0,23000,952,1000,24000,28000,1000,28000,48,0,4048,4000,-48,3.47,0.01,0.16,1837.061
"9",715.068,"g1-young",0.159693,23000,23000,0,23000,1000,1040,24000,28000,1036,28000,0,-4,4000,3960,-40,3.74,0.01,0.16,1896.125
"10",726.938,"g1-young",0.163939,23000,23000,0,22000,1040,1080,24000,28000,1076,28000,-40,-4,3960,4920,960,3.91,0.01,0.17,1937.658
"11",738.478,"g1-young",0.174112,22000,22000,0,22000,1080,1120,24000,28000,1120,28000,920,0,4920,4880,-40,3.96,0.02,0.18,1906.412
"12",749.769,"g1-young",0.174866,22000,22000,0,22000,1120,1160,24000,28000,1160,28000,880,0,4880,4840,-40,4.1,0,0.18,1948.455
"13",760.806,"g1-young",0.176368,22000,22000,0,22000,1160,1184,24000,28000,1184,28000,840,0,4840,4816,-24,4.16,0.02,0.17,1993.295
"14",771.504,"g1-young",0.17752,22000,22000,0,22000,1184,1224,24000,28000,1224,28000,816,0,4816,4776,-40,4.08,0.02,0.18,2056.459
"15",782.034,"g1-young",0.172672,22000,22000,0,22000,1224,1272,24000,28000,1268,28000,776,-4,4776,4728,-48,4.06,0.01,0.17,2089.269
"16",792.416,"g1-young",0.249442,22000,22000,0,23000,1272,952,24000,28000,1308,28000,728,356,4728,4048,-680,5.62,0.06,0.25,2119.052
"17",802.861,"g1-young",0.160507,23000,23000,0,23000,952,920,24000,28000,1539,28000,48,619,4048,4080,32,3.82,0.02,0.16,2202.011
"18",813.013,"g1-young",0.143707,23000,23000,0,23000,920,888,24000,28000,1593,28000,80,705,4080,4112,32,3.29,0.01,0.14,2265.563
"19",823.026,"g1-young",0.147309,23000,23000,0,23000,888,888,24000,28000,1664,28000,112,776,4112,4112,0,3.23,0.03,0.14,2297.014
"20",832.941,"g1-young",0.152118,23000,23000,0,23000,888,880,24000,28000,1718,28000,112,838,4112,4120,8,3.45,0.01,0.15,2319.718
"21",842.826,"g1-young",0.192512,23000,23000,0,23000,880,904,24000,28000,1792,28000,120,888,4120,4096,-24,4.48,0.02,0.2,2326.758
"22",852.722,"g1-young",0.168171,23000,23000,0,23000,904,904,24000,28000,1840,28000,96,936,4096,4096,0,3.89,0.03,0.17,2324.171
"23",862.594,"g1-young",0.167151,23000,23000,0,23000,904,912,24000,28000,1894,28000,96,982,4096,4088,-8,3.84,0.01,0.17,2329.822
"24",872.409,"g1-young",0.1538,23000,23000,0,23000,912,912,25000,28000,1943,28000,1088,1031,4088,4088,0,3.33,0.03,0.16,2343.352
"25",882.246,"g1-young",0.159068,23000,23000,0,23000,912,912,25000,28000,1988,28000,1088,1076,4088,4088,0,3.48,0.02,0.16,2338.111
"26",892.099,"g1-young",0.15283,23000,23000,0,23000,912,920,25000,28000,2040,28000,1088,1120,4088,4080,-8,3.51,0.01,0.15,2334.314
"27",901.991,"g1-young",0.17587,23000,23000,0,23000,920,936,25000,28000,2100,28000,1080,1164,4080,4064,-16,4.11,0.03,0.18,2325.111
"28",911.888,"g1-young",0.157342,23000,23000,0,23000,936,920,25000,28000,2132,28000,1064,1212,4064,4080,16,3.4,0.03,0.15,2323.937
"29",921.804,"g1-young",0.180576,23000,23000,0,23000,920,896,25000,28000,2146,28000,1080,1250,4080,4104,24,4.23,0.03,0.18,2319.484
"30",931.84,"g1-young",0.175885,23000,23000,0,23000,896,880,25000,28000,2179,28000,1104,1299,4104,4120,16,4.11,0.02,0.18,2291.75
"31",941.82,"g1-young",0.166644,23000,23000,0,23000,880,864,25000,28000,2203,28000,1120,1339,4120,4136,16,3.77,0.03,0.17,2304.609
"32",951.825,"g1-young",0.162267,23000,23000,0,23000,864,824,25000,28000,2204,28000,1136,1380,4136,4176,40,3.71,0.02,0.16,2298.851
"33",961.799,"g1-young",0.156912,23000,23000,0,23000,824,832,25000,28000,2260,28000,1176,1428,4176,4168,-8,3.49,0.03,0.16,2305.996
"34",971.773,"g1-young",0.171099,23000,23000,0,23000,832,792,25000,28000,2265,28000,1168,1473,4168,4208,40,3.96,0.04,0.17,2305.996
"35",981.761,"g1-young",0.153818,23000,23000,0,23000,792,752,25000,28000,2266,28000,1208,1514,4208,4248,40,3.56,0.04,0.15,2302.763
"36",991.718,"g1-young",0.162822,23000,23000,0,23000,752,744,25000,28000,2303,28000,1248,1559,4248,4256,8,3.64,0.02,0.17,2309.933
"37",1001.711,"g1-young",0.186652,23000,23000,0,23000,744,712,25000,28000,2314,28000,1256,1602,4256,4288,32,4.46,0.03,0.19,2301.611
"38",1011.739,"g1-young",0.149287,23000,23000,0,23000,712,680,25000,28000,2326,28000,1288,1646,4288,4320,32,3.36,0.03,0.15,2293.578
"39",1021.742,"g1-young",0.148668,23000,23000,0,23000,680,672,25000,28000,2364,28000,1320,1692,4320,4328,8,3.29,0.03,0.15,2299.31
"40",1031.763,"g1-young",0.155064,23000,23000,0,23000,672,656,25000,28000,2393,28000,1328,1737,4328,4344,16,3.57,0.02,0.16,2295.18
"41",1041.762,"g1-young",0.159252,23000,23000,0,23000,656,608,25000,28000,2389,28000,1344,1781,4344,4392,48,3.71,0.01,0.16,2300.23
"42",1051.806,"g1-young",0.16262,23000,23000,0,23000,608,600,25000,28000,2420,28000,1392,1820,4392,4400,8,3.72,0.01,0.16,2289.924
"43",1061.853,"g1-young",0.215687,23000,23000,0,23000,600,592,25000,28000,2448,28000,1400,1856,4400,4408,8,5.32,0.03,0.21,2289.241
"44",1071.939,"g1-young",0.165211,23000,23000,0,23000,592,600,25000,28000,2467,28000,1408,1867,4408,4400,-8,3.92,0.02,0.17,2280.389
"45",1081.937,"g1-young",0.191833,23000,23000,0,23000,600,608,25000,28000,2490,28000,1400,1882,4400,4392,-8,4.61,0.05,0.19,2300.46
"46",1091.949,"g1-young",0.15844,23000,23000,0,23000,608,584,25000,28000,2479,28000,1392,1895,4392,4416,24,3.82,0.02,0.16,2297.243
"47",1101.978,"g1-young",0.147852,23000,23000,0,23000,584,592,25000,28000,2494,28000,1416,1902,4416,4408,-8,3.37,0.01,0.14,2293.349
"48",1111.977,"g1-young",0.143223,23000,23000,0,23000,592,600,25000,28000,2518,28000,1408,1918,4408,4400,-8,3.3,0.02,0.15,2300.23
"49",1121.9,"g1-young",0.146747,23000,23000,0,23000,600,608,25000,28000,2536,28000,1400,1928,4400,4392,-8,3.33,0.03,0.15,2317.847
"50",1131.849,"g1-young",0.17727,23000,23000,0,23000,608,584,25000,28000,2519,28000,1392,1935,4392,4416,24,4.34,0.02,0.18,2311.79
"51",1141.852,"g1-young",0.154826,23000,23000,0,23000,584,600,25000,28000,2545,28000,1416,1945,4416,4400,-16,3.51,0.03,0.16,2299.31
"52",1151.783,"g1-young",0.143363,23000,23000,0,23000,600,600,25000,28000,2560,28000,1400,1960,4400,4400,0,3.38,0.01,0.15,2315.98
"53",1161.717,"g1-young",0.172693,23000,23000,0,23000,600,616,25000,28000,2585,28000,1400,1969,4400,4384,-16,4.08,0.04,0.17,2315.281
"54",1171.646,"g1-young",0.153244,23000,23000,0,23000,616,584,25000,28000,2560,28000,1384,1976,4384,4416,32,3.66,0.01,0.16,2316.447
"55",1181.601,"g1-young",0.152172,23000,23000,0,23000,584,592,25000,28000,2579,28000,1416,1987,4416,4408,-8,3.55,0.02,0.15,2310.397
"56",1191.536,"g1-young",0.16397,23000,23000,0,23000,592,584,25000,28000,2584,28000,1408,2000,4408,4416,8,3.9,0.01,0.17,2315.048
"57",1201.469,"g1-young",0.166106,23000,23000,0,23000,584,616,26000,28000,2623,28000,2416,2007,4416,4384,-32,3.96,0.02,0.17,2315.514
"58",1211.34,"g1-young",0.159918,23000,23000,0,23000,616,608,26000,28000,2630,28000,2384,2022,4384,4392,8,3.76,0.02,0.16,2330.058
"59",1221.225,"g1-young",0.209209,23000,23000,0,23000,608,616,26000,28000,2647,28000,2392,2031,4392,4384,-8,5.21,0.03,0.2,2326.758
"60",1231.26,"g1-young",0.155538,23000,23000,0,23000,616,608,26000,28000,2651,28000,2384,2043,4384,4392,8,3.6,0.03,0.16,2291.978
"61",1241.252,"g1-young",0.155763,23000,23000,0,23000,608,600,26000,28000,2649,28000,2392,2049,4392,4400,8,3.65,0.02,0.16,2301.841
"62",1251.187,"g1-young",0.159772,23000,23000,0,23000,600,592,26000,28000,2657,28000,2400,2065,4400,4408,8,3.79,0.01,0.16,2315.048
"63",1261.195,"g1-young",0.146954,23000,23000,0,23000,592,624,26000,28000,2698,28000,2408,2074,4408,4376,-32,3.36,0.03,0.15,2298.161
"64",1271.113,"g1-young",0.157639,23000,23000,0,23000,624,608,26000,28000,2701,28000,2376,2093,4376,4392,16,3.79,0.03,0.15,2319.016
"65",1281.01,"g1-young",0.159492,23000,23000,0,23000,608,600,26000,28000,2706,28000,2392,2106,4392,4400,8,3.89,0.02,0.16,2323.937
"66",1291.043,"g1-young",0.171309,23000,23000,0,23000,600,624,26000,28000,2743,28000,2400,2119,4400,4376,-24,3.99,0.03,0.18,2292.435
"67",1301.963,"g1-young",0.160004,23000,23000,0,23000,624,616,26000,28000,2746,28000,2376,2130,4376,4384,8,3.8,0.03,0.16,2106.227
"68",1312.508,"g1-young",0.17037,23000,23000,0,23000,616,616,26000,28000,2759,28000,2384,2143,4384,4384,0,4.04,0.03,0.17,2181.128
"69",1323.075,"g1-young",0.168073,23000,23000,0,23000,616,624,26000,28000,2780,28000,2384,2156,4384,4376,-8,3.88,0.03,0.17,2176.587
"70",1333.593,"g1-young",0.160833,23000,23000,0,23000,624,624,26000,28000,2799,28000,2376,2175,4376,4376,0,3.8,0.04,0.16,2186.728
"71",1344.104,"g1-young",0.17342,23000,23000,0,23000,624,616,26000,28000,2800,28000,2376,2184,4376,4384,8,4.15,0.02,0.17,2188.184
"72",1354.631,"g1-young",0.17199,23000,23000,0,23000,616,600,26000,28000,2798,28000,2384,2198,4384,4400,16,3.97,0.02,0.17,2184.858
"73",1365.223,"g1-young",0.179372,23000,23000,0,23000,600,608,26000,28000,2826,28000,2400,2218,4400,4392,-8,4.35,0.06,0.18,2171.45
"74",1375.797,"g1-young",0.158483,23000,23000,0,23000,608,616,26000,28000,2844,28000,2392,2228,4392,4384,-8,3.77,0.03,0.16,2175.147
"75",1386.375,"g1-young",0.163188,23000,23000,0,23000,616,608,26000,28000,2853,28000,2384,2245,4384,4392,8,3.88,0.03,0.16,2174.324
"76",1397.049,"g1-young",0.182391,23000,23000,0,23000,608,616,26000,28000,2873,28000,2392,2257,4392,4384,-8,4.38,0.02,0.18,2154.769
"77",1407.691,"g1-young",0.161536,23000,23000,0,23000,616,608,26000,28000,2882,28000,2384,2274,4384,4392,8,3.74,0.04,0.17,2161.248
"78",1418.308,"g1-young",0.157702,23000,23000,0,23000,608,608,26000,28000,2892,28000,2392,2284,4392,4392,0,3.69,0.04,0.16,2166.337
"79",1428.994,"g1-young",0.185877,23000,23000,0,23000,608,608,26000,28000,2910,28000,2392,2302,4392,4392,0,4.31,0.04,0.19,2152.349
"80",1439.629,"g1-young",0.160988,23000,23000,0,23000,608,584,26000,28000,2900,28000,2392,2316,4392,4416,24,3.67,0.01,0.16,2162.67
"81",1450.249,"g1-young",0.178348,23000,23000,0,23000,584,632,26000,28000,2957,28000,2416,2325,4416,4368,-48,4.35,0.04,0.18,2165.725
"82",1460.846,"g1-young",0.174665,23000,23000,0,23000,632,600,26000,28000,2943,28000,2368,2343,4368,4400,32,4.05,0.05,0.18,2170.426
"83",1471.539,"g1-young",0.188647,23000,23000,0,23000,600,600,26000,28000,2961,28000,2400,2361,4400,4400,0,4.61,0.03,0.19,2150.94
"84",1482.264,"g1-young",0.159517,23000,23000,0,23000,600,608,26000,28000,2979,28000,2400,2371,4400,4392,-8,3.74,0.03,0.15,2144.522
"85",1492.892,"g1-young",0.17981,23000,23000,0,23000,608,616,26000,28000,3005,28000,2392,2389,4392,4384,-8,4.29,0.03,0.18,2164.095
"86",1503.537,"g1-young",0.185691,23000,23000,0,23000,616,600,26000,28000,3000,28000,2384,2400,4384,4400,16,4.57,0.03,0.19,2160.639
"87",1514.182,"g1-young",0.20236,23000,23000,0,23000,600,608,26000,28000,3025,28000,2400,2417,4400,4392,-8,4.98,0.03,0.2,2160.639
"88",1524.816,"g1-young",0.166175,23000,23000,0,23000,608,624,26000,28000,3051,28000,2392,2427,4392,4376,-16,3.8,0.02,0.17,2162.874
"89",1535.406,"g1-young",0.167909,23000,23000,0,23000,624,632,26000,28000,3072,28000,2376,2440,4376,4368,-8,3.99,0.03,0.17,2171.86
"90",1546.032,"g1-young",0.165285,23000,23000,0,23000,632,616,26000,28000,3070,28000,2368,2454,4368,4384,16,3.84,0.02,0.17,2164.502
"91",1556.57,"g1-young",0.173189,23000,23000,0,23000,616,616,26000,28000,3084,28000,2384,2468,4384,4384,0,4.16,0.02,0.17,2182.577
"92",1567.041,"g1-young",0.172977,23000,23000,0,23000,616,608,26000,28000,3090,28000,2384,2482,4384,4392,8,3.99,0.03,0.17,2196.543
"93",1577.468,"g1-young",0.182243,23000,23000,0,23000,608,584,26000,28000,3080,28000,2392,2496,4392,4416,24,4.41,0.03,0.19,2205.812
"94",1587.937,"g1-young",0.169258,23000,23000,0,23000,584,616,26000,28000,3126,28000,2416,2510,4416,4384,-32,3.91,0.03,0.17,2196.962
"95",1598.343,"g1-young",0.17168,23000,23000,0,23000,616,624,26000,28000,3154,28000,2384,2530,4384,4376,-8,4.06,0.03,0.17,2210.263
"96",1608.853,"g1-young",0.160338,23000,23000,0,23000,624,632,26000,28000,3176,28000,2376,2544,4376,4368,-8,3.74,0.05,0.17,2188.392
"97",1619.246,"g1-young",0.163471,23000,23000,0,23000,632,648,26000,28000,3206,28000,2368,2558,4368,4352,-16,3.73,0.03,0.16,2213.028
"98",1629.576,"g1-young",0.175124,23000,23000,0,23000,648,608,26000,28000,3176,28000,2352,2568,4352,4392,40,4.09,0.04,0.18,2226.525
"99",1639.76,"g1-young",0.156979,23000,23000,0,23000,608,624,26000,28000,3207,28000,2392,2583,4392,4376,-16,3.59,0.03,0.15,2258.445
"100",1649.696,"g1-young",0.161849,23000,23000,0,23000,624,584,26000,28000,3185,28000,2376,2601,4376,4416,40,3.8,0.02,0.16,2314.815
"101",1659.683,"g1-young",0.178536,23000,23000,0,23000,584,592,26000,28000,3207,28000,2416,2615,4416,4408,-8,4.26,0.03,0.18,2302.994
"102",1669.629,"g1-young",0.162287,23000,23000,0,23000,592,608,26000,28000,3237,28000,2408,2629,4408,4392,-16,3.71,0.03,0.16,2312.487
"103",1679.834,"g1-young",0.153227,23000,23000,0,23000,608,600,26000,28000,3244,28000,2392,2644,4392,4400,8,3.54,0.03,0.15,2253.797
"104",1689.695,"g1-young",0.156852,23000,23000,0,23000,600,624,26000,28000,3282,28000,2400,2658,4400,4376,-24,3.55,0.04,0.16,2332.421
"105",1699.61,"g1-young",0.186104,23000,23000,0,23000,624,608,26000,28000,3278,28000,2376,2670,4376,4392,16,4.39,0.03,0.18,2319.718
"106",1709.605,"g1-young",0.176585,23000,23000,0,23000,608,592,26000,28000,3276,28000,2392,2684,4392,4408,16,4.18,0.03,0.18,2301.151
"107",1719.606,"g1-young",0.163921,23000,23000,0,23000,592,608,26000,28000,3305,28000,2408,2697,4408,4392,-16,3.85,0.02,0.16,2299.77
"108",1729.565,"g1-young",0.163728,23000,23000,0,23000,608,624,26000,28000,3341,28000,2392,2717,4392,4376,-16,3.79,0.03,0.16,2309.469
"109",1739.497,"g1-young",0.207339,23000,23000,0,23000,624,648,26000,28000,3381,28000,2376,2733,4376,4352,-24,5.12,0.03,0.21,2315.747
"110",1749.631,"g1-young",0.196986,23000,23000,0,23000,648,672,26000,28000,3418,28000,2352,2746,4352,4328,-24,4.72,0.02,0.2,2269.588
"111",1759.579,"g1-young",0.176608,23000,23000,0,23000,672,640,26000,28000,3399,28000,2328,2759,4328,4360,32,4.2,0.04,0.17,2312.023
"112",1769.637,"g1-young",0.188098,23000,23000,0,23000,640,664,26000,28000,3435,28000,2360,2771,4360,4336,-24,4.46,0.03,0.19,2286.737
"113",1779.644,"g1-young",0.177249,23000,23000,0,23000,664,648,26000,28000,3433,28000,2336,2785,4336,4352,16,4.15,0.04,0.18,2298.391
"114",1789.627,"g1-young",0.19234,23000,23000,0,23000,648,656,26000,28000,3457,28000,2352,2801,4352,4344,-8,4.55,0.02,0.19,2303.917
"115",1799.704,"g1-young",0.193349,23000,23000,0,23000,656,640,26000,28000,3457,28000,2344,2817,4344,4360,16,4.55,0.04,0.19,2282.425
"116",1809.73,"g1-young",0.181362,23000,23000,0,23000,640,672,26000,28000,3498,28000,2360,2826,4360,4328,-32,4.27,0.03,0.18,2294.036
"117",1819.742,"g1-young",0.20304,23000,23000,0,23000,672,656,26000,28000,3497,28000,2328,2841,4328,4344,16,4.88,0.04,0.2,2297.243
"118",1829.83,"g1-young",0.196855,23000,23000,0,23000,656,656,26000,28000,3515,28000,2344,2859,4344,4344,0,4.8,0.02,0.19,2279.937
"119",1839.891,"g1-young",0.174044,23000,23000,0,23000,656,648,26000,28000,3518,28000,2344,2870,4344,4352,8,4.08,0.05,0.17,2286.055
"120",1849.899,"g1-young",0.190696,23000,23000,0,23000,648,632,26000,28000,3519,28000,2352,2887,4352,4368,16,4.52,0.05,0.2,2298.161
"121",1859.903,"g1-young",0.177126,23000,23000,0,23000,632,648,26000,28000,3548,28000,2368,2900,4368,4352,-16,4.05,0.04,0.17,2299.08
"122",1869.913,"g1-young",0.170101,23000,23000,0,23000,648,648,26000,28000,3564,28000,2352,2916,4352,4352,0,3.95,0.04,0.18,2297.702
"123",1879.914,"g1-young",0.241682,23000,23000,0,23000,648,616,26000,28000,3561,28000,2352,2945,4352,4384,32,6.16,0.04,0.25,2299.77
"124",1890.044,"g1-young",0.180721,23000,23000,0,23000,616,616,26000,28000,3600,28000,2384,2984,4384,4384,0,4.22,0.04,0.18,2270.484
"125",1900.008,"g1-young",0.190307,23000,23000,0,23000,616,592,26000,28000,3603,28000,2384,3011,4384,4408,24,4.47,0.04,0.19,2308.31
"126",1910.048,"g1-young",0.179405,23000,23000,0,23000,592,600,26000,28000,3626,28000,2408,3026,4408,4400,-8,4.15,0.03,0.18,2290.837
"127",1920.076,"g1-young",0.171339,23000,23000,0,23000,600,584,27000,28000,3624,28000,3400,3040,4400,4416,16,3.96,0.02,0.17,2293.578
"128",1930.083,"g1-young",0.171051,23000,23000,0,23000,584,608,27000,28000,3660,28000,3416,3052,4416,4392,-24,3.87,0.03,0.17,2298.391
"129",1940.049,"g1-young",0.158384,23000,23000,0,23000,608,584,27000,28000,3653,28000,3392,3069,4392,4416,24,3.68,0.02,0.16,2307.847
"130",1950.073,"g1-young",0.206703,23000,23000,0,23000,584,592,27000,28000,3672,28000,3416,3080,4416,4408,-8,5.05,0.03,0.21,2294.493
"131",1960.19,"g1-young",0.171909,23000,23000,0,23000,592,616,27000,28000,3708,28000,3408,3092,4408,4384,-24,4,0.03,0.17,2273.401
"132",1970.261,"g1-young",0.16515,23000,23000,0,23000,616,600,27000,28000,3704,28000,3384,3104,4384,4400,16,3.77,0.02,0.16,2283.785
"133",1980.268,"g1-young",0.167202,23000,23000,0,23000,600,592,27000,28000,3715,28000,3400,3123,4400,4408,8,3.82,0.03,0.17,2298.391
"134",1990.344,"g1-young",0.166774,23000,23000,0,23000,592,624,27000,28000,3756,28000,3408,3132,4408,4376,-32,3.81,0.02,0.16,2282.652
"135",2000.444,"g1-young",0.172651,23000,23000,0,23000,624,600,27000,28000,3749,28000,3376,3149,4376,4400,24,3.95,0.03,0.17,2277.228
"136",2010.528,"g1-young",0.179172,23000,23000,0,23000,600,608,27000,28000,3767,28000,3400,3159,4400,4392,-8,4.15,0.02,0.18,2280.841
"137",2021.087,"g1-young",0.166935,23000,23000,0,23000,608,600,27000,28000,3776,28000,3392,3176,4392,4400,8,3.89,0.03,0.16,2178.237
"138",2031.63,"g1-young",0.163874,23000,23000,0,23000,600,624,27000,28000,3808,28000,3400,3184,4400,4376,-24,3.81,0.02,0.16,2181.542
"139",2042.228,"g1-young",0.17038,23000,23000,0,23000,624,624,27000,28000,3823,28000,3376,3199,4376,4376,0,3.98,0.02,0.17,2170.221
"140",2052.843,"g1-young",0.152396,23000,23000,0,23000,624,600,27000,28000,3816,28000,3376,3216,4376,4400,24,3.49,0.02,0.15,2166.745
"141",2063.433,"g1-young",0.167526,23000,23000,0,23000,600,632,27000,28000,3861,28000,3400,3229,4400,4368,-32,3.82,0.03,0.16,2171.86
"142",2074.072,"g1-young",0.168142,23000,23000,0,23000,632,616,27000,28000,3860,28000,3368,3244,4368,4384,16,3.94,0.01,0.17,2161.857
"143",2084.752,"g1-young",0.180692,23000,23000,0,23000,616,616,27000,28000,3869,28000,3384,3253,4384,4384,0,4.3,0.03,0.18,2153.558
"144",2095.408,"g1-young",0.177289,23000,23000,0,23000,616,600,27000,28000,3869,28000,3384,3269,4384,4400,16,4.22,0.01,0.18,2158.408
"145",2106.101,"g1-young",0.178557,23000,23000,0,23000,600,608,27000,28000,3890,28000,3400,3282,4400,4392,-8,4.07,0.03,0.18,2150.94
"146",2116.767,"g1-young",0.200673,23000,23000,0,23000,608,616,27000,28000,3917,28000,3392,3301,4392,4384,-8,4.85,0.04,0.2,2156.385
"147",2127.463,"g1-young",0.178667,23000,23000,0,23000,616,608,27000,28000,3918,28000,3384,3310,4384,4392,8,3.95,0.03,0.17,2150.337
"148",2138.158,"g1-young",0.172343,23000,23000,0,23000,608,600,27000,28000,3928,28000,3392,3328,4392,4400,8,3.95,0.04,0.17,2150.538
"149",2148.816,"g1-young",0.175015,23000,23000,0,23000,600,616,27000,28000,3953,28000,3400,3337,4400,4384,-16,4.01,0.03,0.17,2158.003
"150",2159.495,"g1-young",0.193061,23000,23000,0,23000,616,600,27000,28000,3951,28000,3384,3351,4384,4400,16,4.62,0.03,0.2,2153.76
"151",2170.167,"g1-young",0.169474,23000,23000,0,23000,600,632,27000,28000,3998,28000,3400,3366,4400,4368,-32,3.89,0.02,0.17,2155.172
"152",2180.825,"g1-young",0.164809,23000,23000,0,23000,632,616,27000,28000,3995,28000,3368,3379,4368,4384,16,3.82,0.01,0.16,2158.003
"153",2191.481,"g1-young",0.162191,23000,23000,0,23000,616,616,27000,28000,4015,28000,3384,3399,4384,4384,0,3.66,0.04,0.17,2158.408
"154",2202.142,"g1-young",0.176623,23000,23000,0,23000,616,592,27000,28000,4000,28000,3384,3408,4384,4408,24,4,0.04,0.18,2157.396
"155",2212.812,"g1-young",0.168954,23000,23000,0,23000,592,608,27000,28000,4031,28000,3408,3423,4408,4392,-16,3.9,0.03,0.17,2155.576
"156",2223.47,"g1-young",0.179925,23000,23000,0,23000,608,624,27000,28000,4061,28000,3392,3437,4392,4376,-16,4.2,0.03,0.18,2158.003
"157",2234.142,"g1-young",0.163172,23000,23000,0,23000,624,608,27000,28000,4065,28000,3376,3457,4376,4392,16,3.7,0.04,0.16,2155.172
"158",2244.83,"g1-young",0.168617,23000,23000,0,23000,608,584,27000,28000,4051,28000,3392,3467,4392,4416,24,3.91,0.01,0.16,2151.946
"159",2255.523,"g1-young_to-spaceexhausted",0.544896,23000,23000,0,23000,584,608,27000,28000,4656,28000,3416,4048,4416,4392,-24,5.21,0.28,0.54,2150.94
"160",2266.562,"g1-young_to-spaceexhausted",6.18427,23000,23000,0,24000,608,48,28000,28000,28000,28000,4392,27952,4392,3952,-440,42.16,2.23,6.19,2083.522
"161",2272.752,"g1-young_initial-mark_to-spaceexhausted",0.429841,0,24000,0,24000,48,0,28000,28000,28000,28000,27952,28000,3952,4000,48,3.37,0.49,0.43,0
"162",2273.186,"g1-young",0.028679,0,24000,0,24000,0,0,28000,28000,28000,28000,28000,28000,4000,4000,0,0.58,0,0.03,0
"163",2273.22,"g1-young",0.03281,0,24000,0,24000,0,0,28000,28000,28000,28000,28000,28000,4000,4000,0,0.77,0.01,0.03,0
"164",2273.257,"g1-young",0.04286,0,24000,0,24000,0,0,28000,28000,28000,28000,28000,28000,4000,4000,0,1.17,0.01,0.04,0
"165",2273.305,"g1-young",0.036652,0,24000,0,24000,0,0,28000,28000,28000,28000,28000,28000,4000,4000,0,0.96,0.01,0.03,0
"166",2273.347,"g1-young",0.035661,0,24000,0,24000,0,0,28000,28000,28000,28000,28000,28000,4000,4000,0,0.63,0.01,0.03,0
"167",2273.387,"g1-young",0.034071,0,24000,0,24000,0,0,28000,28000,28000,28000,28000,28000,4000,4000,0,0.91,0,0.03,0
"168",2273.426,"g1full",28,0,24000,0,24000,0,0,28000,28000,2265,28000,28000,2265,4000,4000,0,13.17,0.23,10.54,NA
"169",2294.3,"g1-young",0.156692,24000,24000,0,23000,0,392,26000,28000,2650,28000,2000,2258,4000,4608,608,3.59,0.02,0.15,1147.612
"170",2304.684,"g1-young",0.194091,23000,23000,0,23000,392,560,26000,28000,2822,28000,2608,2262,4608,4440,-168,4.76,0.03,0.19,2214.946
"171",2315.508,"g1-young",0.173422,23000,23000,0,23000,560,592,26000,28000,2853,28000,2440,2261,4440,4408,-32,4.02,0.02,0.18,2124.908
"172",2327.066,"g1-young",0.186048,23000,23000,0,23000,592,600,26000,28000,2861,28000,2408,2261,4408,4400,-8,4.35,0.03,0.18,1989.964
"173",2337.882,"g1-young",0.189952,23000,23000,0,23000,600,624,26000,28000,2890,28000,2400,2266,4400,4376,-24,4.64,0.03,0.19,2126.479
"174",2348.713,"g1-young",0.187751,23000,23000,0,23000,624,672,26000,28000,2938,28000,2376,2266,4376,4328,-48,4.49,0.02,0.19,2123.534
"175",2359.507,"g1-young",0.1746,23000,23000,0,23000,672,664,26000,28000,2926,28000,2328,2262,4328,4336,8,4.02,0.01,0.18,2130.813
"176",2370.205,"g1-young",0.17234,23000,23000,0,23000,664,672,26000,28000,2938,28000,2336,2266,4336,4328,-8,4.01,0.04,0.17,2149.935
"177",2380.927,"g1-young",0.176096,23000,23000,0,23000,672,696,26000,28000,2958,28000,2328,2262,4328,4304,-24,4.1,0.02,0.18,2145.122
"178",2391.617,"g1-young",0.19526,23000,23000,0,23000,696,704,26000,28000,2971,28000,2304,2267,4304,4296,-8,4.52,0.02,0.2,2151.543
"179",2402.303,"g1-young",0.178673,23000,23000,0,23000,704,752,26000,28000,3019,28000,2296,2267,4296,4248,-48,4.23,0.03,0.18,2152.349
"180",2412.952,"g1-young",0.194941,23000,23000,0,23000,752,744,26000,28000,3007,28000,2248,2263,4248,4256,8,4.6,0.01,0.2,2159.827
"181",2423.593,"g1-young",0.187044,23000,23000,0,23000,744,752,26000,28000,3015,28000,2256,2263,4256,4248,-8,4.42,0.03,0.19,2161.451
"182",2434.217,"g1-young",0.195302,23000,23000,0,23000,752,768,26000,28000,3035,28000,2248,2267,4248,4232,-16,4.6,0.01,0.2,2164.91
"183",2444.86,"g1-young",0.204191,23000,23000,0,23000,768,776,26000,28000,3044,28000,2232,2268,4232,4224,-8,4.89,0.03,0.21,2161.045
"184",2455.547,"g1-young",0.2119,23000,23000,0,23000,776,728,26000,28000,3079,28000,2224,2351,4224,4272,48,4.99,0.06,0.21,2152.147
"185",2466.257,"g1-young",0.214535,23000,23000,0,23000,728,712,26000,28000,3111,28000,2272,2399,4272,4288,16,4.73,0.05,0.21,2147.526
"186",2476.962,"g1-young",0.214796,23000,23000,0,23000,712,720,26000,28000,3149,28000,2288,2429,4288,4280,-8,5.24,0.04,0.22,2148.529
"187",2487.651,"g1-young",0.191238,23000,23000,0,23000,720,704,26000,28000,3161,28000,2280,2457,4280,4296,16,4.6,0.04,0.19,2151.745
"188",2498.347,"g1-young",0.173009,23000,23000,0,23000,704,696,26000,28000,3174,28000,2296,2478,4296,4304,8,3.96,0.03,0.18,2150.337
"189",2508.99,"g1-young",0.166685,23000,23000,0,23000,696,704,26000,28000,3203,28000,2304,2499,4304,4296,-8,3.89,0.03,0.16,2161.045
"190",2519.665,"g1-young",0.181638,23000,23000,0,23000,704,696,26000,28000,3214,28000,2296,2518,4296,4304,8,4.34,0.04,0.18,2154.567
"191",2530.355,"g1-young",0.168333,23000,23000,0,23000,696,688,26000,28000,3226,28000,2304,2538,4304,4312,8,3.87,0.03,0.16,2151.543
"192",2541.061,"g1-young",0.185716,23000,23000,0,23000,688,704,26000,28000,3269,28000,2312,2565,4312,4296,-16,4.29,0.03,0.19,2148.328
"193",2551.748,"g1-young",0.179546,23000,23000,0,23000,704,688,26000,28000,3272,28000,2296,2584,4296,4312,16,4.21,0.01,0.18,2152.147
"194",2562.496,"g1-young",0.182117,23000,23000,0,23000,688,704,26000,28000,3308,28000,2312,2604,4312,4296,-16,4.37,0.02,0.19,2139.933
"195",2573.202,"g1-young",0.192393,23000,23000,0,23000,704,672,26000,28000,3299,28000,2296,2627,4296,4328,32,4.15,0.02,0.19,2148.328
"196",2583.922,"g1-young",0.207985,23000,23000,0,23000,672,704,26000,28000,3350,28000,2328,2646,4328,4296,-32,5.13,0.03,0.21,2145.522
"197",2594.624,"g1-young",0.191604,23000,23000,0,23000,704,672,26000,28000,3338,28000,2296,2666,4296,4328,32,4.64,0.03,0.2,2149.131
"198",2605.349,"g1-young",0.183506,23000,23000,0,23000,672,680,26000,28000,3367,28000,2328,2687,4328,4320,-8,4.31,0.02,0.18,2144.522
"199",2616.053,"g1-young",0.201299,23000,23000,0,23000,680,680,26000,28000,3390,28000,2320,2710,4320,4320,0,4.86,0.04,0.2,2148.729
"200",2626.744,"g1-young",0.177858,23000,23000,0,23000,680,672,26000,28000,3397,28000,2320,2725,4320,4328,8,4.14,0.03,0.18,2151.342
"201",2637.438,"g1-young",0.170672,23000,23000,0,23000,672,672,26000,28000,3424,28000,2328,2752,4328,4328,0,3.88,0.03,0.17,2150.739
"202",2648.131,"g1-young",0.186175,23000,23000,0,23000,672,656,26000,28000,3426,28000,2328,2770,4328,4344,16,4.4,0.05,0.19,2150.94
"203",2658.884,"g1-young",0.177138,23000,23000,0,23000,656,648,26000,28000,3439,28000,2344,2791,4344,4352,8,4.17,0.01,0.17,2138.938
"204",2669.588,"g1-young",0.189267,23000,23000,0,23000,648,672,26000,28000,3477,28000,2352,2805,4352,4328,-24,4.44,0.04,0.19,2148.729
"205",2680.283,"g1-young",0.184004,23000,23000,0,23000,672,648,26000,28000,3475,28000,2328,2827,4328,4352,24,4.37,0.03,0.19,2150.538
"206",2690.996,"g1-young",0.169755,23000,23000,0,23000,648,648,26000,28000,3494,28000,2352,2846,4352,4352,0,3.91,0.03,0.17,2146.924
"207",2701.759,"g1-young",0.199622,23000,23000,0,23000,648,656,26000,28000,3519,28000,2352,2863,4352,4344,-8,4.87,0.02,0.2,2136.951
"208",2712.481,"g1-young",0.167947,23000,23000,0,23000,656,632,26000,28000,3512,28000,2344,2880,4344,4368,24,3.9,0.02,0.17,2145.122
"209",2723.175,"g1-young",0.188755,23000,23000,0,23000,632,664,26000,28000,3560,28000,2368,2896,4368,4336,-32,4.42,0.04,0.19,2150.739
"210",2733.878,"g1-young",0.170888,23000,23000,0,23000,664,648,26000,28000,3559,28000,2336,2911,4336,4352,16,4.01,0.03,0.17,2148.93
"211",2744.541,"g1-young",0.177281,23000,23000,0,23000,648,632,26000,28000,3559,28000,2352,2927,4352,4368,16,4.12,0.05,0.18,2156.991
"212",2755.258,"g1-young",0.21148,23000,23000,0,23000,632,640,26000,28000,3589,28000,2368,2949,4368,4360,-8,5.12,0.03,0.21,2146.123
"213",2766.538,"g1-young",0.187328,23000,23000,0,23000,640,656,26000,28000,3616,28000,2360,2960,4360,4344,-16,4.5,0.02,0.19,2039.007
"214",2777.228,"g1-young",0.178535,23000,23000,0,23000,656,624,26000,28000,3604,28000,2344,2980,4344,4376,32,4.26,0.02,0.18,2151.543
"215",2787.94,"g1-young",0.172245,23000,23000,0,23000,624,616,26000,28000,3611,28000,2376,2995,4376,4384,8,3.98,0.05,0.17,2147.125
"216",2798.676,"g1-young",0.173361,23000,23000,0,23000,616,616,26000,28000,3627,28000,2384,3011,4384,4384,0,4.09,0.03,0.17,2142.325
"217",2809.58,"g1-young",0.160901,23000,23000,0,23000,616,632,26000,28000,3657,28000,2384,3025,4384,4368,-16,3.73,0.02,0.16,2109.318
"218",2820.262,"g1-young",0.199443,23000,23000,0,23000,632,632,27000,28000,3670,28000,3368,3038,4368,4368,0,4.85,0.04,0.2,2153.155
"219",2831.005,"g1-young",0.182977,23000,23000,0,23000,632,640,27000,28000,3688,28000,3368,3048,4368,4360,-8,4.36,0.04,0.18,2140.929
"220",2841.704,"g1-young",0.192325,23000,23000,0,23000,640,640,27000,28000,3707,28000,3360,3067,4360,4360,0,4.55,0.02,0.19,2149.734
"221",2852.439,"g1-young",0.166491,23000,23000,0,23000,640,632,27000,28000,3712,28000,3360,3080,4360,4368,8,3.92,0.03,0.17,2142.524
"222",2863.18,"g1-young",0.217383,23000,23000,0,23000,632,616,27000,28000,3707,28000,3368,3091,4368,4384,16,5.32,0.04,0.22,2141.328
"223",2873.955,"g1-young",0.176688,23000,23000,0,23000,616,632,27000,28000,3741,28000,3384,3109,4384,4368,-16,4.15,0.03,0.18,2134.571
"224",2884.65,"g1-young",0.188516,23000,23000,0,23000,632,640,27000,28000,3757,28000,3368,3117,4368,4360,-8,4.56,0.04,0.19,2150.538
"225",2895.358,"g1-young",0.181484,23000,23000,0,23000,640,632,27000,28000,3768,28000,3360,3136,4360,4368,8,4.17,0.03,0.19,2147.927
"226",2906.065,"g1-young",0.184351,23000,23000,0,23000,632,640,27000,28000,3786,28000,3368,3146,4368,4360,-8,4.27,0.04,0.18,2148.127
"227",2916.782,"g1-young",0.180592,23000,23000,0,23000,640,608,27000,28000,3770,28000,3360,3162,4360,4392,32,4.19,0.02,0.18,2146.123
"228",2927.515,"g1-young",0.171037,23000,23000,0,23000,608,632,27000,28000,3804,28000,3392,3172,4392,4368,-24,3.91,0.04,0.17,2142.924
"229",2938.185,"g1-young",0.194567,23000,23000,0,23000,632,648,27000,28000,3837,28000,3368,3189,4368,4352,-16,4.55,0.06,0.2,2155.576
"230",2948.881,"g1-young",0.18638,23000,23000,0,23000,648,664,27000,28000,3868,28000,3352,3204,4352,4336,-16,4.43,0.04,0.19,2150.337
"231",2959.59,"g1-young",0.194118,23000,23000,0,23000,664,664,27000,28000,3877,28000,3336,3213,4336,4336,0,4.58,0.05,0.19,2147.726
"232",2970.322,"g1-young",0.20565,23000,23000,0,23000,664,656,27000,28000,3881,28000,3336,3225,4336,4344,8,4.92,0.04,0.2,2143.123
"233",2980.998,"g1-young",0.197049,23000,23000,0,23000,656,664,27000,28000,3907,28000,3344,3243,4344,4336,-8,4.7,0.02,0.2,2154.365
"234",2991.691,"g1-young",0.199082,23000,23000,0,23000,664,648,27000,28000,3899,28000,3336,3251,4336,4352,16,4.77,0.03,0.2,2150.94
"235",3002.41,"g1-young",0.219847,23000,23000,0,23000,648,664,27000,28000,3934,28000,3352,3270,4352,4336,-16,5.41,0.03,0.22,2145.723
"236",3013.121,"g1-young",0.212192,23000,23000,0,23000,664,680,27000,28000,3959,28000,3336,3279,4336,4320,-16,5.06,0.04,0.21,2147.325
"237",3023.815,"g1-young",0.181485,23000,23000,0,23000,680,656,27000,28000,3948,28000,3320,3292,4320,4344,24,4.21,0.05,0.18,2150.739
"238",3034.548,"g1-young",0.212048,23000,23000,0,23000,656,672,27000,28000,3978,28000,3344,3306,4344,4328,-16,5.22,0.03,0.22,2142.924
"239",3045.283,"g1-young",0.192305,23000,23000,0,23000,672,664,27000,28000,3983,28000,3328,3319,4328,4336,8,4.59,0.05,0.19,2142.524
"240",3055.988,"g1-young",0.214171,23000,23000,0,23000,664,664,27000,28000,4001,28000,3336,3337,4336,4336,0,5.19,0.03,0.21,2148.529
"241",3066.685,"g1-young",0.189245,23000,23000,0,23000,664,664,27000,28000,4009,28000,3336,3345,4336,4336,0,4.35,0.03,0.18,2150.136
"242",3077.392,"g1-young",0.203254,23000,23000,0,23000,664,664,27000,28000,4023,28000,3336,3359,4336,4336,0,4.82,0.03,0.2,2148.127
"243",3088.118,"g1-young",0.19539,23000,23000,0,23000,664,656,27000,28000,4031,28000,3336,3375,4336,4344,8,4.59,0.02,0.2,2144.322
"244",3098.813,"g1-young",0.222881,23000,23000,0,23000,656,632,27000,28000,4050,28000,3344,3418,4344,4368,24,5.6,0.03,0.22,2150.538
"245",3109.582,"g1-young",0.181916,23000,23000,0,23000,632,608,27000,28000,4066,28000,3368,3458,4368,4392,24,4.21,0.02,0.19,2135.76
"246",3120.255,"g1-young",0.175306,23000,23000,0,23000,608,608,27000,28000,4087,28000,3392,3479,4392,4392,0,4.05,0.03,0.17,2154.97
"247",3130.947,"g1-young_to-spaceexhausted",1.606455,23000,23000,0,23000,608,592,27000,28000,19000,28000,3392,18408,4392,4408,16,27.44,0.43,1.6,2151.141
"248",3136.338,"g1-young_initial-mark_to-spaceexhausted",5.559517,8568,23000,0,24000,592,0,28000,28000,28000,28000,18840,28000,4408,4000,-408,19.84,2.27,5.56,1589.316
"249",3141.904,"g1-young",0.175718,0,24000,0,24000,0,0,28000,28000,28000,28000,28000,28000,4000,4000,0,3.8,0.11,0.18,0
"250",3142.085,"g1-young",0.036685,0,24000,0,24000,0,0,28000,28000,28000,28000,28000,28000,4000,4000,0,0.92,0.01,0.04,0
"251",3142.138,"g1-young",0.039465,0,24000,0,24000,0,0,28000,28000,28000,28000,28000,28000,4000,4000,0,1.06,0.01,0.04,0
"252",3142.182,"g1-young",0.0389,0,24000,0,24000,0,0,28000,28000,28000,28000,28000,28000,4000,4000,0,0.95,0.01,0.04,0
"253",3142.226,"g1-young",0.046743,0,24000,0,24000,0,0,28000,28000,28000,28000,28000,28000,4000,4000,0,1.3,0,0.05,0
"254",3142.277,"g1-young",0.023067,0,24000,0,24000,0,0,28000,28000,28000,28000,28000,28000,4000,4000,0,0.59,0,0.02,0
"255",3142.305,"g1full",27,0,24000,0,24000,0,0,28000,28000,2459,28000,28000,2459,4000,4000,0,14.5,0.03,11.2,NA
"256",3164.083,"g1-young",0.170502,24000,24000,0,23000,0,344,26000,28000,2800,28000,2000,2456,4000,4656,656,3.99,0.02,0.17,1100.615
"257",3174.788,"g1-young",0.15334,23000,23000,0,23000,344,456,26000,28000,2913,28000,2656,2457,4656,4544,-112,3.6,0.02,0.15,2148.529
"258",3185.009,"g1-young",0.154157,23000,23000,0,23000,456,504,26000,28000,2963,28000,2544,2459,4544,4496,-48,3.56,0.02,0.16,2250.269
"259",3195.519,"g1-young",0.160262,23000,23000,0,23000,504,632,26000,28000,3087,28000,2496,2455,4496,4368,-128,3.75,0.04,0.16,2188.392
"260",3206.292,"g1-young",0.171067,23000,23000,0,23000,632,560,26000,28000,3020,28000,2368,2460,4368,4440,72,3.99,0.03,0.17,2134.967
"261",3217.034,"g1-young",0.165576,23000,23000,0,23000,560,568,26000,28000,3024,28000,2440,2456,4440,4432,-8,3.7,0.03,0.17,2141.128
"262",3227.76,"g1-young",0.190429,23000,23000,0,23000,568,576,26000,28000,3036,28000,2432,2460,4432,4424,-8,4.48,0.03,0.19,2144.322
"263",3238.494,"g1-young",0.197668,23000,23000,0,23000,576,592,26000,28000,3052,28000,2424,2460,4424,4408,-16,4.8,0.04,0.2,2142.724
"264",3249.217,"g1-young",0.167528,23000,23000,0,23000,592,616,26000,28000,3072,28000,2408,2456,4408,4384,-24,3.93,0.02,0.17,2144.922
"265",3259.88,"g1-young",0.17531,23000,23000,0,23000,616,600,26000,28000,3056,28000,2384,2456,4384,4400,16,4.09,0.03,0.18,2156.991
"266",3270.566,"g1-young",0.171258,23000,23000,0,23000,600,640,26000,28000,3097,28000,2400,2457,4400,4360,-40,4,0.04,0.18,2152.349
"267",3281.264,"g1-young",0.171271,23000,23000,0,23000,640,640,26000,28000,3097,28000,2360,2457,4360,4360,0,4.01,0.03,0.17,2149.935
"268",3291.98,"g1-young",0.178647,23000,23000,0,23000,640,656,26000,28000,3117,28000,2360,2461,4360,4344,-16,4.12,0.04,0.17,2146.323
"269",3302.715,"g1-young",0.207854,23000,23000,0,23000,656,664,26000,28000,3121,28000,2344,2457,4344,4336,-8,4.98,0.03,0.21,2142.524
"270",3313.463,"g1-young",0.183822,23000,23000,0,23000,664,672,26000,28000,3129,28000,2336,2457,4336,4328,-8,4.34,0.03,0.18,2139.933
"271",3324.142,"g1-young",0.188315,23000,23000,0,23000,672,624,26000,28000,3135,28000,2328,2511,4328,4376,48,4.42,0.03,0.19,2153.76
"272",3334.816,"g1-young",0.191175,23000,23000,0,23000,624,608,26000,28000,3148,28000,2376,2540,4376,4392,16,4.51,0.04,0.2,2154.769
"273",3345.541,"g1-young",0.18626,23000,23000,0,23000,608,616,26000,28000,3169,28000,2392,2553,4392,4384,-8,4.51,0.03,0.18,2144.522
"274",3356.244,"g1-young",0.172953,23000,23000,0,23000,616,624,26000,28000,3189,28000,2384,2565,4384,4376,-8,3.99,0.04,0.17,2148.93
"275",3366.977,"g1-young",0.182444,23000,23000,0,23000,624,600,26000,28000,3182,28000,2376,2582,4376,4400,24,3.93,0.01,0.18,2142.924
"276",3377.716,"g1-young",0.162142,23000,23000,0,23000,600,624,26000,28000,3220,28000,2400,2596,4400,4376,-24,3.76,0.03,0.16,2141.726
"277",3388.432,"g1-young",0.170983,23000,23000,0,23000,624,624,26000,28000,3229,28000,2376,2605,4376,4376,0,3.97,0.03,0.17,2146.323
"278",3399.127,"g1-young",0.177522,23000,23000,0,23000,624,608,26000,28000,3232,28000,2376,2624,4376,4392,16,4.07,0.02,0.17,2150.538
"279",3409.841,"g1-young",0.178247,23000,23000,0,23000,608,616,26000,28000,3248,28000,2392,2632,4392,4384,-8,4.18,0.04,0.18,2146.724
"280",3420.54,"g1-young",0.171071,23000,23000,0,23000,616,616,26000,28000,3262,28000,2384,2646,4384,4384,0,4,0.02,0.17,2149.734
"281",3431.263,"g1-young",0.199675,23000,23000,0,23000,616,608,26000,28000,3266,28000,2384,2658,4384,4392,8,4.86,0.04,0.2,2144.922
"282",3441.975,"g1-young",0.207219,23000,23000,0,23000,608,616,26000,28000,3286,28000,2392,2670,4392,4384,-8,4.82,0.04,0.21,2147.125
"283",3452.755,"g1-young",0.172999,23000,23000,0,23000,616,624,26000,28000,3308,28000,2384,2684,4384,4376,-8,3.84,0.03,0.17,2133.581
"284",3463.496,"g1-young",0.176424,23000,23000,0,23000,624,624,26000,28000,3321,28000,2376,2697,4376,4376,0,4.11,0.02,0.18,2141.328
"285",3474.157,"g1-young",0.204062,23000,23000,0,23000,624,616,26000,28000,3330,28000,2376,2714,4376,4384,8,5.02,0.03,0.21,2157.396
"286",3484.906,"g1-young",0.173096,23000,23000,0,23000,616,616,26000,28000,3342,28000,2384,2726,4384,4384,0,4.08,0.05,0.18,2139.734
"287",3495.607,"g1-young",0.160207,23000,23000,0,23000,616,616,26000,28000,3352,28000,2384,2736,4384,4384,0,3.65,0.02,0.16,2149.332
"288",3506.293,"g1-young",0.172286,23000,23000,0,23000,616,608,26000,28000,3357,28000,2384,2749,4384,4392,8,3.88,0.02,0.17,2152.349
"289",3517.038,"g1-young",0.175219,23000,23000,0,23000,608,632,26000,28000,3396,28000,2392,2764,4392,4368,-24,4.09,0.03,0.17,2140.53
"290",3527.719,"g1-young",0.174844,23000,23000,0,23000,632,600,26000,28000,3382,28000,2368,2782,4368,4400,32,4.15,0.03,0.17,2153.356
"291",3538.436,"g1-young",0.179506,23000,23000,0,23000,600,608,26000,28000,3398,28000,2400,2790,4400,4392,-8,4.33,0.02,0.18,2146.123
"292",3549.089,"g1-young",0.184488,23000,23000,0,23000,608,600,26000,28000,3409,28000,2392,2809,4392,4400,8,4.43,0.03,0.19,2159.016
"293",3559.832,"g1-young",0.194118,23000,23000,0,23000,600,632,26000,28000,3450,28000,2400,2818,4400,4368,-32,4.54,0.02,0.19,2140.929
"294",3570.555,"g1-young",0.170774,23000,23000,0,23000,632,624,26000,28000,3454,28000,2368,2830,4368,4376,8,3.99,0.02,0.17,2144.922
"295",3581.26,"g1-young",0.190515,23000,23000,0,23000,624,608,26000,28000,3456,28000,2376,2848,4376,4392,16,4.54,0.05,0.19,2148.529
"296",3591.973,"g1-young",0.212362,23000,23000,0,23000,608,616,26000,28000,3474,28000,2392,2858,4392,4384,-8,5.33,0.04,0.22,2146.924
"297",3602.754,"g1-young",0.17083,23000,23000,0,23000,616,624,26000,28000,3499,28000,2384,2875,4384,4376,-8,3.95,0.02,0.17,2133.383
"298",3613.425,"g1-young",0.177345,23000,23000,0,23000,624,624,26000,28000,3513,28000,2376,2889,4376,4376,0,4.08,0.03,0.18,2155.374
"299",3624.139,"g1-young",0.18199,23000,23000,0,23000,624,616,26000,28000,3514,28000,2376,2898,4376,4384,8,4.28,0.04,0.19,2146.724
"300",3634.87,"g1-young",0.176157,23000,23000,0,23000,616,624,26000,28000,3536,28000,2384,2912,4384,4376,-8,4.03,0.04,0.18,2143.323
"301",3645.585,"g1-young",0.173496,23000,23000,0,23000,624,616,26000,28000,3544,28000,2376,2928,4376,4384,8,3.95,0.03,0.17,2146.524
"302",3656.273,"g1-young",0.204195,23000,23000,0,23000,616,608,26000,28000,3548,28000,2384,2940,4384,4392,8,4.98,0.02,0.21,2151.946
"303",3667.017,"g1-young",0.181033,23000,23000,0,23000,608,608,26000,28000,3562,28000,2392,2954,4392,4392,0,4.31,0.04,0.19,2140.73
"304",3677.728,"g1-young",0.195215,23000,23000,0,23000,608,624,26000,28000,3590,28000,2392,2966,4392,4376,-16,4.67,0.04,0.19,2147.325
"305",3688.469,"g1-young",0.169763,23000,23000,0,23000,624,600,26000,28000,3580,28000,2376,2980,4376,4400,24,3.97,0.03,0.17,2141.328
"306",3699.2,"g1-young",0.174904,23000,23000,0,23000,600,608,26000,28000,3601,28000,2400,2993,4400,4392,-8,4.16,0.02,0.18,2143.323
"307",3709.903,"g1-young",0.165246,23000,23000,0,23000,608,616,26000,28000,3620,28000,2392,3004,4392,4384,-8,3.83,0.03,0.16,2148.93
"308",3720.601,"g1-young",0.175898,23000,23000,0,23000,616,608,26000,28000,3626,28000,2384,3018,4384,4392,8,4.16,0.02,0.18,2149.935
"309",3731.287,"g1-young",0.190615,23000,23000,0,23000,608,632,26000,28000,3658,28000,2392,3026,4392,4368,-24,4.61,0.04,0.19,2152.349
"310",3741.979,"g1-young",0.176462,23000,23000,0,23000,632,624,27000,28000,3665,28000,3368,3041,4368,4376,8,4.07,0.03,0.17,2151.141
"311",3752.686,"g1-young",0.186324,23000,23000,0,23000,624,616,27000,28000,3670,28000,3376,3054,4376,4384,8,4.3,0.05,0.19,2148.127
"312",3763.433,"g1-young",0.236037,23000,23000,0,23000,616,648,27000,28000,3717,28000,3384,3069,4384,4352,-32,6.1,0.05,0.23,2140.132
"313",3774.194,"g1-young",0.195662,23000,23000,0,23000,648,616,27000,28000,3697,28000,3352,3081,4352,4384,32,4.52,0.03,0.19,2137.348
"314",3784.924,"g1-young",0.161627,23000,23000,0,23000,616,608,27000,28000,3706,28000,3384,3098,4384,4392,8,3.83,0.03,0.17,2143.523
"315",3795.63,"g1-young",0.171479,23000,23000,0,23000,608,608,27000,28000,3715,28000,3392,3107,4392,4392,0,3.99,0.02,0.17,2148.328
"316",3806.333,"g1-young",0.190175,23000,23000,0,23000,608,624,27000,28000,3747,28000,3392,3123,4392,4376,-16,4.53,0.03,0.19,2148.93
"317",3817.057,"g1-young",0.176289,23000,23000,0,23000,624,616,27000,28000,3748,28000,3376,3132,4376,4384,8,4.16,0.04,0.18,2144.722
"318",3827.771,"g1-young",0.199987,23000,23000,0,23000,616,616,27000,28000,3763,28000,3384,3147,4384,4384,0,4.93,0.03,0.21,2146.724
"319",3838.552,"g1-young",0.174037,23000,23000,0,23000,616,616,27000,28000,3779,28000,3384,3163,4384,4384,0,4.03,0.03,0.18,2133.383
"320",3849.282,"g1-young",0.189054,23000,23000,0,23000,616,632,27000,28000,3805,28000,3384,3173,4384,4368,-16,4.55,0.03,0.19,2143.523
"321",3859.962,"g1-young",0.177878,23000,23000,0,23000,632,624,27000,28000,3809,28000,3368,3185,4368,4376,8,4.22,0.03,0.18,2153.558
"322",3870.643,"g1-young",0.18808,23000,23000,0,23000,624,608,27000,28000,3806,28000,3376,3198,4376,4392,16,4.37,0.05,0.19,2153.356
"323",3881.389,"g1-young",0.197769,23000,23000,0,23000,608,632,27000,28000,3843,28000,3392,3211,4392,4368,-24,4.73,0.03,0.19,2140.331
"324",3892.122,"g1-young",0.175478,23000,23000,0,23000,632,608,27000,28000,3836,28000,3368,3228,4368,4392,24,4.09,0.02,0.17,2142.924
"325",3902.882,"g1-young",0.174074,23000,23000,0,23000,608,624,27000,28000,3861,28000,3392,3237,4392,4376,-16,4.02,0.03,0.18,2137.546
"326",3913.629,"g1-young",0.197685,23000,23000,0,23000,624,624,27000,28000,3879,28000,3376,3255,4376,4376,0,4.82,0.02,0.2,2140.132
"327",3924.339,"g1-young",0.200598,23000,23000,0,23000,624,624,27000,28000,3888,28000,3376,3264,4376,4376,0,4.9,0.03,0.2,2147.526
"328",3935.069,"g1-young",0.186952,23000,23000,0,23000,624,616,27000,28000,3898,28000,3376,3282,4376,4384,8,4.41,0.03,0.18,2143.523
"329",3945.785,"g1-young",0.180001,23000,23000,0,23000,616,624,27000,28000,3914,28000,3384,3290,4384,4376,-8,4.26,0.03,0.18,2146.323
"330",3956.508,"g1-young",0.218714,23000,23000,0,23000,624,608,27000,28000,3915,28000,3376,3307,4376,4392,16,5.29,0.04,0.22,2144.922
"331",3967.26,"g1-young",0.208219,23000,23000,0,23000,608,608,27000,28000,3926,28000,3392,3318,4392,4392,0,5.01,0.03,0.21,2139.137
"332",3977.983,"g1-young",0.172434,23000,23000,0,23000,608,632,27000,28000,3966,28000,3392,3334,4392,4368,-24,4.06,0.04,0.18,2144.922
"333",3988.67,"g1-young",0.190454,23000,23000,0,23000,632,640,27000,28000,3989,28000,3368,3349,4368,4360,-8,4.58,0.04,0.19,2152.147
"334",3999.407,"g1-young",0.186931,23000,23000,0,23000,640,608,27000,28000,3966,28000,3360,3358,4360,4392,32,4.5,0.03,0.19,2142.125
"335",4010.172,"g1-young",0.207224,23000,23000,0,23000,608,624,27000,28000,3994,28000,3392,3370,4392,4376,-16,5.15,0.05,0.21,2136.554
"336",4020.921,"g1-young",0.194263,23000,23000,0,23000,624,616,27000,28000,4004,28000,3376,3388,4376,4384,8,4.7,0.04,0.19,2139.734
"337",4031.673,"g1-young",0.230912,23000,23000,0,23000,616,616,27000,28000,4013,28000,3384,3397,4384,4384,0,5.75,0.03,0.23,2139.137
"338",4042.436,"g1-young",0.197593,23000,23000,0,23000,616,632,27000,28000,4041,28000,3384,3409,4384,4368,-16,4.72,0.03,0.19,2136.951
"339",4053.173,"g1-young",0.167956,23000,23000,0,23000,632,624,27000,28000,4047,28000,3368,3423,4368,4376,8,3.94,0.02,0.17,2142.125
"340",4063.765,"g1-young",0.171922,23000,23000,0,23000,624,608,27000,28000,4048,28000,3376,3440,4376,4392,16,3.96,0.04,0.18,2171.45
"341",4074.276,"g1-young",0.177071,23000,23000,0,23000,608,600,27000,28000,4052,28000,3392,3452,4392,4400,8,4.19,0.03,0.18,2188.184
"342",4084.831,"g1-young",0.169407,23000,23000,0,23000,600,616,27000,28000,4083,28000,3400,3467,4400,4384,-16,3.91,0.03,0.17,2179.062
"343",4095.362,"g1-young",0.162881,23000,23000,0,23000,616,608,27000,28000,4086,28000,3384,3478,4384,4392,8,3.73,0.02,0.17,2184.028
"344",4105.841,"g1-young_to-spaceexhausted",0.670595,23000,23000,0,23000,608,592,27000,28000,5531,28000,3392,4939,4392,4408,16,5.77,0.35,0.67,2194.866
"345",4116.443,"g1-young_to-spaceexhausted",6.639609,22000,23000,0,24000,592,0,28000,28000,28000,28000,5408,28000,4408,4000,-408,41.59,2.56,6.64,2075.08
"346",4123.091,"g1-young_initial-mark",0.187402,0,24000,0,24000,0,0,28000,28000,28000,28000,28000,28000,4000,4000,0,3.2,0.2,0.19,0
"347",4123.283,"g1-young",0.025209,0,24000,0,24000,0,0,28000,28000,28000,28000,28000,28000,4000,4000,0,0.57,0,0.03,0
"348",4123.313,"g1-young",0.024889,0,24000,0,24000,0,0,28000,28000,28000,28000,28000,28000,4000,4000,0,0.64,0.01,0.03,0
"349",4123.342,"g1-young",0.054361,0,24000,0,24000,0,0,28000,28000,28000,28000,28000,28000,4000,4000,0,1.51,0.01,0.06,0
"350",4123.401,"g1-young",0.066929,0,24000,0,24000,0,0,28000,28000,28000,28000,28000,28000,4000,4000,0,1.53,0,0.07,0
"351",4123.473,"g1-young",0.040308,0,24000,0,24000,0,0,28000,28000,28000,28000,28000,28000,4000,4000,0,1.09,0.01,0.04,0
"352",4123.518,"g1-young",0.052132,0,24000,0,24000,0,0,28000,28000,28000,28000,28000,28000,4000,4000,0,1.33,0.01,0.05,0
"353",4123.575,"g1full",27,0,24000,0,24000,0,0,28000,28000,2660,28000,28000,2660,4000,4000,0,15.48,0.05,11.91,NA
"354",4146.275,"g1-young",0.20584,24000,24000,0,23000,0,424,26000,28000,3080,28000,2000,2656,4000,4576,576,5.01,0.02,0.21,1054.621
"355",4157.22,"g1-young",0.172863,23000,23000,0,23000,424,504,26000,28000,3160,28000,2576,2656,4576,4496,-80,4.22,0.02,0.18,2101.416
"356",4167.399,"g1-young",0.162946,23000,23000,0,23000,504,544,26000,28000,3204,28000,2496,2660,4496,4456,-40,3.89,0.01,0.16,2259.554
"357",4177.895,"g1-young",0.167954,23000,23000,0,23000,544,592,26000,28000,3249,28000,2456,2657,4456,4408,-48,3.83,0.04,0.16,2191.311
"358",4188.679,"g1-young",0.182458,23000,23000,0,23000,592,608,26000,28000,3265,28000,2408,2657,4408,4392,-16,4.26,0.04,0.18,2132.789
"359",4199.455,"g1-young",0.203358,23000,23000,0,23000,608,632,26000,28000,3289,28000,2392,2657,4392,4368,-24,4.95,0.03,0.21,2134.373
"360",4210.232,"g1-young",0.183085,23000,23000,0,23000,632,640,26000,28000,3297,28000,2368,2657,4368,4360,-8,4.25,0.04,0.18,2134.175
"361",4220.91,"g1-young",0.201866,23000,23000,0,23000,640,656,26000,28000,3313,28000,2360,2657,4360,4344,-16,4.89,0.04,0.21,2153.961
"362",4231.595,"g1-young",0.218129,23000,23000,0,23000,656,680,26000,28000,3342,28000,2344,2662,4344,4320,-24,5.4,0.03,0.22,2152.55
"363",4242.226,"g1-young",0.192689,23000,23000,0,23000,680,688,26000,28000,3346,28000,2320,2658,4320,4312,-8,4.62,0.03,0.19,2163.484
"364",4252.867,"g1-young",0.202513,23000,23000,0,23000,688,688,26000,28000,3350,28000,2312,2662,4312,4312,0,4.88,0.04,0.2,2161.451
"365",4263.472,"g1-young",0.209976,23000,23000,0,23000,688,688,26000,28000,3350,28000,2312,2662,4312,4312,0,5.12,0.02,0.21,2168.788
"366",4274.094,"g1-young",0.196384,23000,23000,0,23000,688,712,26000,28000,3370,28000,2312,2658,4312,4288,-24,4.67,0.05,0.2,2165.317
"367",4284.692,"g1-young",0.194968,23000,23000,0,23000,712,728,26000,28000,3391,28000,2288,2663,4288,4272,-16,4.57,0.02,0.19,2170.221
"368",4295.291,"g1-young",0.197151,23000,23000,0,23000,728,736,26000,28000,3395,28000,2272,2659,4272,4264,-8,4.68,0.04,0.2,2170.016
"369",4305.925,"g1-young",0.213497,23000,23000,0,23000,736,656,26000,28000,3414,28000,2264,2758,4264,4344,80,5.3,0.01,0.21,2162.874
"370",4316.602,"g1-young",0.205241,23000,23000,0,23000,656,648,26000,28000,3470,28000,2344,2822,4344,4352,8,4.57,0.05,0.21,2154.163
"371",4327.229,"g1-young",0.200525,23000,23000,0,23000,648,648,26000,28000,3488,28000,2352,2840,4352,4352,0,4.86,0.03,0.2,2164.298
"372",4337.875,"g1-young",0.18198,23000,23000,0,23000,648,648,26000,28000,3503,28000,2352,2855,4352,4352,0,4.27,0.02,0.18,2160.436
"373",4348.489,"g1-young",0.181612,23000,23000,0,23000,648,632,26000,28000,3510,28000,2352,2878,4352,4368,16,4.22,0.03,0.19,2166.949
"374",4359.191,"g1-young",0.174138,23000,23000,0,23000,632,656,26000,28000,3545,28000,2368,2889,4368,4344,-24,4.15,0.03,0.18,2149.131
"375",4369.827,"g1-young",0.172031,23000,23000,0,23000,656,648,26000,28000,3553,28000,2344,2905,4344,4352,8,3.95,0.03,0.17,2162.467
"376",4380.503,"g1-young",0.170321,23000,23000,0,23000,648,656,26000,28000,3578,28000,2352,2922,4352,4344,-8,3.87,0.02,0.17,2154.365
"377",4391.199,"g1-young",0.181118,23000,23000,0,23000,656,640,26000,28000,3574,28000,2344,2934,4344,4360,16,4.24,0.02,0.18,2150.337
"378",4401.886,"g1-young",0.189904,23000,23000,0,23000,640,640,26000,28000,3592,28000,2360,2952,4360,4360,0,4.56,0.05,0.19,2152.147
"379",4412.609,"g1-young",0.197507,23000,23000,0,23000,640,632,26000,28000,3593,28000,2360,2961,4360,4368,8,4.82,0.04,0.2,2144.922
"380",4423.315,"g1-young",0.176231,23000,23000,0,23000,632,616,26000,28000,3597,28000,2368,2981,4368,4384,16,4.14,0.03,0.18,2148.328
"381",4434.026,"g1-young",0.210975,23000,23000,0,23000,616,640,26000,28000,3635,28000,2384,2995,4384,4360,-24,5.26,0.02,0.21,2147.325
"382",4444.801,"g1-young",0.195442,23000,23000,0,23000,640,648,26000,28000,3657,28000,2360,3009,4360,4352,-8,4.76,0.03,0.2,2134.571
"383",4455.532,"g1-young",0.196511,23000,23000,0,23000,648,624,26000,28000,3648,28000,2352,3024,4352,4376,24,4.62,0.05,0.2,2143.323
"384",4466.25,"g1-young",0.172235,23000,23000,0,23000,624,640,27000,28000,3675,28000,3376,3035,4376,4360,-16,4.01,0.04,0.17,2145.923
"385",4476.942,"g1-young",0.18943,23000,23000,0,23000,640,624,27000,28000,3679,28000,3360,3055,4360,4376,16,4.55,0.04,0.19,2151.141
"386",4487.687,"g1-young",0.178229,23000,23000,0,23000,624,616,27000,28000,3687,28000,3376,3071,4376,4384,8,4.18,0.05,0.18,2140.53
"387",4498.394,"g1-young",0.178279,23000,23000,0,23000,616,640,27000,28000,3721,28000,3384,3081,4384,4360,-24,4.24,0.02,0.18,2148.127
"388",4509.085,"g1-young",0.171506,23000,23000,0,23000,640,624,27000,28000,3723,28000,3360,3099,4360,4376,16,4.02,0.03,0.17,2151.342
"389",4519.771,"g1-young",0.177558,23000,23000,0,23000,624,624,27000,28000,3738,28000,3376,3114,4376,4376,0,4.16,0.03,0.18,2152.349
"390",4530.445,"g1-young",0.174278,23000,23000,0,23000,624,632,27000,28000,3760,28000,3376,3128,4376,4368,-8,4.06,0.03,0.18,2154.769
"391",4541.13,"g1-young",0.180995,23000,23000,0,23000,632,640,27000,28000,3780,28000,3368,3140,4368,4360,-8,4.33,0.02,0.18,2152.55
"392",4551.819,"g1-young",0.173294,23000,23000,0,23000,640,648,27000,28000,3802,28000,3360,3154,4360,4352,-8,4.07,0.04,0.18,2151.745
"393",4562.48,"g1-young",0.173243,23000,23000,0,23000,648,632,27000,28000,3799,28000,3352,3167,4352,4368,16,4.1,0.02,0.18,2157.396
"394",4573.126,"g1-young",0.205254,23000,23000,0,23000,632,640,27000,28000,3826,28000,3368,3186,4368,4360,-8,5,0.03,0.2,2160.436
"395",4583.817,"g1-young",0.182305,23000,23000,0,23000,640,648,27000,28000,3848,28000,3360,3200,4360,4352,-8,4.28,0.04,0.18,2151.342
"396",4594.503,"g1-young",0.189626,23000,23000,0,23000,648,664,27000,28000,3874,28000,3352,3210,4352,4336,-16,4.63,0.02,0.19,2152.349
"397",4605.169,"g1-young",0.200566,23000,23000,0,23000,664,632,27000,28000,3861,28000,3336,3229,4336,4368,32,4.9,0.03,0.2,2156.385
"398",4615.954,"g1-young",0.192612,23000,23000,0,23000,632,648,27000,28000,3892,28000,3368,3244,4368,4352,-16,4.57,0.03,0.19,2132.592
"399",4626.704,"g1-young",0.190427,23000,23000,0,23000,648,648,27000,28000,3905,28000,3352,3257,4352,4352,0,4.61,0.03,0.19,2139.535
"400",4637.389,"g1-young",0.179431,23000,23000,0,23000,648,624,27000,28000,3897,28000,3352,3273,4352,4376,24,4.21,0.03,0.18,2152.55
"401",4648.115,"g1-young",0.174391,23000,23000,0,23000,624,616,27000,28000,3898,28000,3376,3282,4376,4384,8,3.97,0.02,0.18,2144.322
"402",4658.824,"g1-young",0.187771,23000,23000,0,23000,616,624,27000,28000,3925,28000,3384,3301,4384,4376,-8,4.44,0.03,0.19,2147.726
"403",4669.533,"g1-young",0.204536,23000,23000,0,23000,624,656,27000,28000,3971,28000,3376,3315,4376,4344,-32,4.99,0.02,0.2,2147.726
"404",4680.201,"g1-young",0.191257,23000,23000,0,23000,656,640,27000,28000,3969,28000,3344,3329,4344,4360,16,4.64,0.03,0.2,2155.981
"405",4690.854,"g1-young",0.196009,23000,23000,0,23000,640,640,27000,28000,3985,28000,3360,3345,4360,4360,0,4.59,0.05,0.19,2159.016
"406",4701.5,"g1-young",0.168256,23000,23000,0,23000,640,632,27000,28000,3986,28000,3360,3354,4360,4368,8,3.91,0.03,0.17,2160.436
"407",4712.212,"g1-young",0.17825,23000,23000,0,23000,632,648,27000,28000,4020,28000,3368,3372,4368,4352,-16,4.18,0.03,0.18,2147.125
"408",4722.888,"g1-young",0.18444,23000,23000,0,23000,648,624,27000,28000,4009,28000,3352,3385,4352,4376,24,4.24,0.03,0.18,2154.365
"409",4733.667,"g1-young",0.171499,23000,23000,0,23000,624,632,27000,28000,4036,28000,3376,3404,4376,4368,-8,3.99,0.03,0.18,2133.779
"410",4744.405,"g1-young",0.184999,23000,23000,0,23000,632,624,27000,28000,4041,28000,3368,3417,4368,4376,8,4.25,0.03,0.19,2141.926
"411",4755.355,"g1-young",0.192301,23000,23000,0,23000,624,656,27000,28000,4084,28000,3376,3428,4376,4344,-32,4.81,0.02,0.19,2100.457
"412",4766.066,"g1-young_to-spaceexhausted",0.972454,23000,23000,0,23000,656,640,27000,28000,7132,28000,3344,6492,4344,4360,16,8.45,0.54,0.97,2147.325
"413",4776.609,"g1-young_to-spaceexhausted",7.43458,21000,23000,0,24000,640,0,28000,28000,28000,28000,6360,28000,4360,4000,-360,40.79,3.03,7.43,1991.843
"414",4784.05,"g1-young_initial-mark",0.1934,0,24000,0,24000,0,0,28000,28000,28000,28000,28000,28000,4000,4000,0,3.52,0.12,0.19,0
"415",4784.248,"g1-young",0.037006,0,24000,0,24000,0,0,28000,28000,28000,28000,28000,28000,4000,4000,0,0.92,0.01,0.03,0
"416",4784.29,"g1-young",0.036604,0,24000,0,24000,0,0,28000,28000,28000,28000,28000,28000,4000,4000,0,0.99,0,0.04,0
"417",4784.332,"g1-young",0.038662,0,24000,0,24000,0,0,28000,28000,28000,28000,28000,28000,4000,4000,0,0.96,0.02,0.04,0
"418",4784.376,"g1-young",0.053794,0,24000,0,24000,0,0,28000,28000,28000,28000,28000,28000,4000,4000,0,1.47,0.01,0.05,0
"419",4784.435,"g1full",27,0,24000,0,24000,0,0,28000,28000,2752,28000,28000,2752,4000,4000,0,15.65,0.02,11.82,NA
"420",4807.107,"g1-young",0.206802,24000,24000,0,23000,0,360,26000,28000,3106,28000,2000,2746,4000,4640,640,5.04,0.02,0.21,1055.827
"421",4818.044,"g1-young",0.156595,23000,23000,0,23000,360,464,26000,28000,3211,28000,2640,2747,4640,4536,-104,3.57,0.03,0.16,2102.953
"422",4828.85,"g1-young",0.189514,23000,23000,0,23000,464,528,26000,28000,3280,28000,2536,2752,4536,4472,-64,4.53,0.03,0.19,2128.447
"423",4839.614,"g1-young",0.166255,23000,23000,0,23000,528,608,26000,28000,3356,28000,2472,2748,4472,4392,-80,3.83,0.02,0.17,2136.752
"424",4850.276,"g1-young",0.179887,23000,23000,0,23000,608,544,26000,28000,3292,28000,2392,2748,4392,4456,64,4.2,0.01,0.18,2157.194
"425",4861,"g1-young",0.17512,23000,23000,0,23000,544,560,26000,28000,3309,28000,2456,2749,4456,4440,-16,4.07,0.03,0.17,2144.722
"426",4871.619,"g1-young",0.166601,23000,23000,0,23000,560,560,26000,28000,3309,28000,2440,2749,4440,4440,0,3.92,0.03,0.17,2165.929
"427",4882.36,"g1-young",0.187263,23000,23000,0,23000,560,608,26000,28000,3361,28000,2440,2753,4440,4392,-48,4.5,0.03,0.19,2141.328
"428",4893.078,"g1-young",0.204996,23000,23000,0,23000,608,600,26000,28000,3349,28000,2392,2749,4392,4400,8,4.91,0.05,0.21,2145.923
"429",4903.713,"g1-young",0.172646,23000,23000,0,23000,600,592,26000,28000,3341,28000,2400,2749,4400,4408,8,4.1,0.02,0.18,2162.67
"430",4913.798,"g1-young",0.15693,23000,23000,0,23000,592,608,26000,28000,3357,28000,2408,2749,4408,4392,-16,3.68,0.03,0.15,2280.615
"431",4924.1,"g1-young",0.22691,23000,23000,0,23000,608,648,26000,28000,3401,28000,2392,2753,4392,4352,-40,5.63,0.03,0.22,2232.576
"432",4934.78,"g1-young",0.225427,23000,23000,0,23000,648,648,26000,28000,3398,28000,2352,2750,4352,4352,0,5.64,0.04,0.22,2153.558
"433",4945.515,"g1-young",0.168383,23000,23000,0,23000,648,680,26000,28000,3430,28000,2352,2750,4352,4320,-32,3.84,0.03,0.17,2142.524
"434",4956.191,"g1-young",0.205382,23000,23000,0,23000,680,680,26000,28000,3434,28000,2320,2754,4320,4320,0,4.8,0.03,0.21,2154.365
"435",4966.924,"g1-young",0.206174,23000,23000,0,23000,680,624,26000,28000,3425,28000,2320,2801,4320,4376,56,4.93,0.04,0.2,2142.924
"436",4977.653,"g1-young",0.181081,23000,23000,0,23000,624,640,26000,28000,3469,28000,2376,2829,4376,4360,-16,4.21,0.03,0.18,2143.723
"437",4988.362,"g1-young",0.172948,23000,23000,0,23000,640,608,26000,28000,3456,28000,2360,2848,4360,4392,32,4.03,0.02,0.17,2147.726
"438",4999.035,"g1-young",0.208457,23000,23000,0,23000,608,632,26000,28000,3494,28000,2392,2862,4392,4368,-24,4.96,0.02,0.21,2154.97
"439",5009.791,"g1-young",0.198541,23000,23000,0,23000,632,640,26000,28000,3515,28000,2368,2875,4368,4360,-8,4.72,0.04,0.2,2138.341
"440",5020.562,"g1-young",0.175888,23000,23000,0,23000,640,640,26000,28000,3527,28000,2360,2887,4360,4360,0,4,0.03,0.17,2135.363
"441",5031.284,"g1-young",0.16847,23000,23000,0,23000,640,640,26000,28000,3544,28000,2360,2904,4360,4360,0,3.92,0.03,0.17,2145.122
"442",5041.99,"g1-young",0.18655,23000,23000,0,23000,640,664,26000,28000,3579,28000,2360,2915,4360,4336,-24,4.41,0.03,0.19,2148.328
"443",5052.736,"g1-young",0.181888,23000,23000,0,23000,664,632,26000,28000,3565,28000,2336,2933,4336,4368,32,4.32,0.04,0.19,2140.331
"444",5063.438,"g1-young",0.172942,23000,23000,0,23000,632,624,26000,28000,3569,28000,2368,2945,4368,4376,8,4.02,0.03,0.18,2149.131
"445",5074.169,"g1-young",0.211197,23000,23000,0,23000,624,648,26000,28000,3602,28000,2376,2954,4376,4352,-24,5.15,0.03,0.22,2143.323
"446",5084.914,"g1-young",0.174502,23000,23000,0,23000,648,648,26000,28000,3618,28000,2352,2970,4352,4352,0,4.04,0.02,0.17,2140.53
"447",5095.633,"g1-young",0.182984,23000,23000,0,23000,648,624,26000,28000,3609,28000,2352,2985,4352,4376,24,4.31,0.03,0.19,2145.723
"448",5106.426,"g1-young",0.194492,23000,23000,0,23000,624,632,26000,28000,3640,28000,2376,3008,4376,4368,-8,4.67,0.03,0.19,2131.011
"449",5117.2,"g1-young",0.182701,23000,23000,0,23000,632,648,26000,28000,3665,28000,2368,3017,4368,4352,-16,4.36,0.03,0.18,2134.769
"450",5127.964,"g1-young",0.198053,23000,23000,0,23000,648,656,26000,28000,3693,28000,2352,3037,4352,4344,-8,4.67,0.04,0.2,2136.752
"451",5138.707,"g1-young",0.184477,23000,23000,0,23000,656,640,27000,28000,3687,28000,3344,3047,4344,4360,16,4.29,0.04,0.19,2140.929
"452",5149.443,"g1-young",0.18284,23000,23000,0,23000,640,640,27000,28000,3704,28000,3360,3064,4360,4360,0,4.29,0.02,0.18,2142.325
"453",5160.23,"g1-young",0.246358,23000,23000,0,23000,640,632,27000,28000,3713,28000,3360,3081,4360,4368,8,6.28,0.05,0.25,2132.196
"454",5171.064,"g1-young",0.219332,23000,23000,0,23000,632,656,27000,28000,3746,28000,3368,3090,4368,4344,-24,5.22,0.04,0.22,2122.946
"455",5181.798,"g1-young",0.170818,23000,23000,0,23000,656,632,27000,28000,3737,28000,3344,3105,4344,4368,24,3.83,0.03,0.17,2142.724
"456",5192.517,"g1-young",0.172628,23000,23000,0,23000,632,632,27000,28000,3755,28000,3368,3123,4368,4368,0,3.98,0.03,0.18,2145.723
"457",5203.255,"g1-young",0.18329,23000,23000,0,23000,632,640,27000,28000,3776,28000,3368,3136,4368,4360,-8,4.36,0.02,0.18,2141.926
"458",5213.99,"g1-young",0.186514,23000,23000,0,23000,640,640,27000,28000,3791,28000,3360,3151,4360,4360,0,4.42,0.03,0.19,2142.524
"459",5224.73,"g1-young",0.198862,23000,23000,0,23000,640,632,27000,28000,3793,28000,3360,3161,4360,4368,8,4.79,0.03,0.2,2141.527
"460",5235.526,"g1-young",0.216826,23000,23000,0,23000,632,640,27000,28000,3817,28000,3368,3177,4368,4360,-8,5.33,0.04,0.21,2130.419
"461",5246.315,"g1-young",0.174168,23000,23000,0,23000,640,640,27000,28000,3834,28000,3360,3194,4360,4360,0,4.05,0.03,0.18,2131.801
"462",5257.067,"g1-young",0.206821,23000,23000,0,23000,640,640,27000,28000,3851,28000,3360,3211,4360,4360,0,4.93,0.04,0.21,2139.137
"463",5267.84,"g1-young",0.196183,23000,23000,0,23000,640,632,27000,28000,3857,28000,3360,3225,4360,4368,8,4.73,0.03,0.2,2134.967
"464",5278.609,"g1-young",0.176545,23000,23000,0,23000,632,656,27000,28000,3893,28000,3368,3237,4368,4344,-24,4.02,0.03,0.18,2135.76
"465",5289.329,"g1-young",0.18259,23000,23000,0,23000,656,640,27000,28000,3895,28000,3344,3255,4344,4360,16,4.16,0.03,0.18,2145.522
"466",5300.079,"g1-young",0.193295,23000,23000,0,23000,640,656,27000,28000,3920,28000,3360,3264,4360,4344,-16,4.6,0.04,0.19,2139.535
"467",5310.841,"g1-young",0.199969,23000,23000,0,23000,656,640,27000,28000,3924,28000,3344,3284,4344,4360,16,4.68,0.03,0.2,2137.149
"468",5321.584,"g1-young",0.173726,23000,23000,0,23000,640,640,27000,28000,3938,28000,3360,3298,4360,4360,0,3.98,0.03,0.18,2140.929
"469",5332.317,"g1-young",0.183093,23000,23000,0,23000,640,648,27000,28000,3959,28000,3360,3311,4360,4352,-8,4.22,0.03,0.19,2142.924
"470",5343,"g1-young",0.181686,23000,23000,0,23000,648,672,27000,28000,3995,28000,3352,3323,4352,4328,-24,4.23,0.02,0.19,2152.953
"471",5353.702,"g1-young",0.223682,23000,23000,0,23000,672,680,27000,28000,4021,28000,3328,3341,4328,4320,-8,5.55,0.03,0.23,2149.131
"472",5364.48,"g1-young",0.197141,23000,23000,0,23000,680,704,27000,28000,4055,28000,3320,3351,4320,4296,-24,4.71,0.03,0.2,2133.977
"473",5375.232,"g1-young",0.216611,23000,23000,0,23000,704,672,27000,28000,4038,28000,3296,3366,4296,4328,32,5.19,0.05,0.22,2139.137
"474",5386.014,"g1-young",0.223665,23000,23000,0,23000,672,680,27000,28000,4060,28000,3328,3380,4328,4320,-8,5.59,0.04,0.23,2133.185
"475",5396.794,"g1-young",0.205811,23000,23000,0,23000,680,680,27000,28000,4074,28000,3320,3394,4320,4320,0,4.95,0.04,0.21,2133.581
"476",5407.566,"g1-young",0.214548,23000,23000,0,23000,680,672,27000,28000,4081,28000,3320,3409,4320,4328,8,5.34,0.03,0.21,2135.165
"477",5419.87,"g1-young_to-spaceexhausted",0.247153,23000,23000,0,23000,672,656,27000,28000,4520,28000,3328,3864,4328,4344,16,5.83,0.03,0.25,1869.311
"478",5435.836,"g1-young_to-spaceexhausted",5.989155,23000,23000,0,23000,656,216,27000,28000,27000,28000,3344,26784,4344,4784,440,38.89,1.79,5.98,1440.561
"479",5442.041,"g1-young_initial-mark_to-spaceexhausted",0.995934,264,23000,0,24000,216,0,28000,28000,28000,28000,27520,28000,4784,4000,-784,3.14,0.38,1,42.546
"480",5443.046,"g1-young",0.060358,0,24000,0,24000,0,0,28000,28000,28000,28000,28000,28000,4000,4000,0,1.58,0.03,0.07,0
"481",5443.124,"g1-young",0.020297,0,24000,0,24000,0,0,28000,28000,28000,28000,28000,28000,4000,4000,0,0.51,0,0.02,0
"482",5443.151,"g1-young",0.030703,0,24000,0,24000,0,0,28000,28000,28000,28000,28000,28000,4000,4000,0,0.84,0.01,0.03,0
"483",5443.189,"g1full",27,0,24000,0,24000,0,0,28000,28000,2784,28000,28000,2784,4000,4000,0,14.41,0.03,10.62,NA
"484",5466.895,"g1-young",0.083244,24000,24000,0,23000,0,64,26000,28000,2843,28000,2000,2779,4000,4936,936,2.05,0,0.08,1010.782
"485",5480.063,"g1-young",0.090173,23000,23000,0,23000,64,120,26000,28000,2899,28000,2936,2779,4936,4880,-56,2.26,0,0.09,1746.659
"486",5493.385,"g1-young",0.124684,23000,23000,0,23000,120,208,26000,28000,2986,28000,2880,2778,4880,4792,-88,3.28,0.01,0.12,1726.467
"487",5505.797,"g1-young",0.108322,23000,23000,0,23000,208,232,26000,28000,3011,28000,2792,2779,4792,4768,-24,2.75,0.01,0.1,1853.045
"488",5518.453,"g1-young",0.123951,23000,23000,0,23000,232,328,26000,28000,3112,28000,2768,2784,4768,4672,-96,3.12,0,0.12,1817.32
"489",5531.63,"g1-young",0.150195,23000,23000,0,23000,328,336,26000,28000,3120,28000,2672,2784,4672,4664,-8,3.88,0.02,0.15,1745.466